601
262
799
644
691
557
247
953
302
814
845
732
466
567
842
985
147
437
569
808
358
730
39
222
299
753
134
85
258
836
423
342
854
912
43
973
603
451
610
73
499
672
658
13
248
655
191
220
309
678
785
117
149
764
620
756
568
779
457
289
804
572
991
153
158
124
173
450
91
987
6
518
79
291
903
223
155
131
380
68
50
769
878
539
370
744
235
884
5
949
311
434
327
87
62
651
122
646
177
887
815
824
55
684
551
285
244
275
80
995
219
14
502
264
38
841
840
40
529
138
164
874
820
497
961
866
445
538
189
798
623
187
801
828
951
58
941
792
702
180
914
482
276
86
508
49
593
498
106
822
287
613
263
411
565
947
806
989
66
619
571
983
921
483
176
23
245
213
337
182
711
943
188
713
46
92
132
897
720
206
362
671
67
31
208
676
249
856
81
37
382
749
917
459
888
290
511
118
319
429
341
796
174
225
510
409
967
477
968
455
547
361
312
408
774
999
612
737
336
418
204
611
359
706
490
554
373
698
924
962
787
1
739
937
20
931
907
42
34
363
615
102
832
74
143
908
861
441
707
688
665
654
17
193
238
395
877
372
597
321
495
415
736
1000
471
16
635
69
70
668
965
881
640
919
93
35
661
777
930
590
330
390
928
560
743
267
819
650
532
280
413
823
281
438
638
996
507
183
419
407
95
595
682
324
75
721
449
745
212
436
439
670
694
829
367
708
489
136
794
323
404
915
607
279
216
314
128
846
494
256
306
516
616
125
633
945
170
901
292
723
812
696
293
379
350
4
690
513
752
555
834
523
328
850
624
581
163
179
540
120
343
310
391
470
740
686
364
896
530
759
175
514
322
679
574
862
226
113
421
997
902
955
971
918
631
416
198
240
30
816
123
24
954
308
387
454
171
9
231
97
894
96
632
54
115
114
130
339
383
575
731
673
717
677
443
152
757
662
160
827
388
525
548
687
643
468
835
178
588
626
667
582
605
126
246
637
848
950
447
420
460
683
444
353
867
386
478
889
378
277
578
857
3
727
748
487
82
318
405
648
45
376
473
909
481
315
782
10
172
392
666
351
543
807
27
195
994
84
869
186
357
614
403
304
992
142
167
305
849
531
709
26
297
594
59
609
880
738
259
151
714
537
647
853
602
148
334
868
116
269
649
639
695
830
272
778
922
47
519
770
964
977
217
119
76
681
544
401
428
346
397
194
139
558
526
185
270
422
542
284
592
959
802
589
446
946
826
852
860
461
771
480
369
133
300
440
469
433
199
990
410
71
396
788
524
786
431
257
229
517
584
617
998
940
936
976
63
294
509
728
393
885
932
722
715
354
22
864
587
952
414
705
664
767
352
724
307
135
550
442
630
169
19
165
522
716
255
927
773
898
313
604
586
765
859
719
942
838
851
528
402
111
78
301
60
692
201
265
890
969
899
939
622
340
533
556
273
697
704
883
934
252
105
735
628
855
559
596
621
295
453
871
332
534
981
109
209
585
345
576
562
52
790
41
205
161
11
766
374
700
729
154
162
784
546
501
261
110
506
689
349
389
579
710
535
948
831
51
100
625
755
425
980
7
462
2
979
911
956
254
970
772
747
891
432
972
839
150
791
48
895
29
355
515
825
488
618
99
360
699
230
751
491
202
83
90
218
553
12
776
960
239
780
65
781
795
398
36
693
761
127
905
545
181
733
476
958
77
56
103
938
168
645
365
843
552
789
817
18
464
317
492
963
190
32
197
925
333
570
966
108
642
286
166
741
904
412
15
986
629
926
893
427
521
121
809
250
236
458
703
746
805
505
472
417
803
268
504
496
375
599
207
923
750
385
452
377
636
929
479
858
64
886
221
763
844
424
486
157
329
669
875
591
101
283
107
900
653
88
870
493
435
872
348
98
935
910
467
448
726
260
641
566
549
984
278
876
718
57
564
347
274
754
296
200
288
892
298
837
863
793
536
583
137
993
627
634
762
210
797
974
810
184
988
734
237
561
196
906
338
406
241
146
426
381
608
430
484
316
465
356
456
606
916
320
760
214
503
303
652
233
712
685
94
663
112
563
192
520
920
140
141
211
600
215
933
251
512
25
156
368
680
573
541
818
982
657
833
758
474
577
33
331
463
656
660
72
598
485
203
104
800
865
879
53
232
913
8
145
44
366
61
371
28
742
227
253
675
394
326
242
725
775
580
271
21
344
243
811
400
813
266
228
975
978
674
944
768
882
527
399
335
144
475
957
500
783
659
701
89
282
129
159
224
847
325
234
821
873
1001